{
 "now": 1752400000,
 "cases": [
  {
   "name": "identity",
   "m": [
    [
     "1.0",
     "0.0",
     "0.0"
    ],
    [
     "0.0",
     "1.0",
     "0.0"
    ],
    [
     "0.0",
     "0.0",
     "1.0"
    ]
   ],
   "expected": [
    [
     "1.0",
     "0.0",
     "0.0"
    ],
    [
     "0.0",
     "1.0",
     "0.0"
    ],
    [
     "0.0",
     "0.0",
     "1.0"
    ]
   ]
  },
  {
   "name": "dts_default_prior",
   "m": [
    [
     "0.01",
     "0.0",
     "0.0"
    ],
    [
     "0.0",
     "0.01",
     "0.0"
    ],
    [
     "0.0",
     "0.0",
     "0.01"
    ]
   ],
   "expected": [
    [
     "0.1",
     "0.0",
     "0.0"
    ],
    [
     "0.0",
     "0.1",
     "0.0"
    ],
    [
     "0.0",
     "0.0",
     "0.1"
    ]
   ]
  },
  {
   "name": "diag_2",
   "m": [
    [
     "2.0",
     "0.0",
     "0.0"
    ],
    [
     "0.0",
     "2.0",
     "0.0"
    ],
    [
     "0.0",
     "0.0",
     "2.0"
    ]
   ],
   "expected": [
    [
     "1.4142135623730951",
     "0.0",
     "0.0"
    ],
    [
     "0.0",
     "1.4142135623730951",
     "0.0"
    ],
    [
     "0.0",
     "0.0",
     "1.4142135623730951"
    ]
   ]
  },
  {
   "name": "singular_rank2",
   "m": [
    [
     "1.0",
     "2.0",
     "3.0"
    ],
    [
     "4.0",
     "5.0",
     "6.0"
    ],
    [
     "5.0",
     "7.0",
     "9.0"
    ]
   ],
   "expected": null
  },
  {
   "name": "zero",
   "m": [
    [
     "0.0",
     "0.0",
     "0.0"
    ],
    [
     "0.0",
     "0.0",
     "0.0"
    ],
    [
     "0.0",
     "0.0",
     "0.0"
    ]
   ],
   "expected": null
  },
  {
   "name": "near_singular_below_rel_tol",
   "m": [
    [
     "100.0",
     "0.0",
     "0.0"
    ],
    [
     "0.0",
     "100.0",
     "0.0"
    ],
    [
     "0.0",
     "0.0",
     "1e-09"
    ]
   ],
   "expected": [
    [
     "10.0",
     "0.0",
     "0.0"
    ],
    [
     "0.0",
     "10.0",
     "0.0"
    ],
    [
     "0.0",
     "0.0",
     "3.1622776601683795e-05"
    ]
   ]
  },
  {
   "name": "near_singular_above_rel_tol",
   "m": [
    [
     "100.0",
     "0.0",
     "0.0"
    ],
    [
     "0.0",
     "100.0",
     "0.0"
    ],
    [
     "0.0",
     "0.0",
     "1e-07"
    ]
   ],
   "expected": [
    [
     "10.0",
     "0.0",
     "0.0"
    ],
    [
     "0.0",
     "10.0",
     "0.0"
    ],
    [
     "0.0",
     "0.0",
     "0.00031622776601683794"
    ]
   ]
  },
  {
   "name": "small_below_abs_tol",
   "m": [
    [
     "1.0",
     "0.0",
     "0.0"
    ],
    [
     "0.0",
     "1.0",
     "0.0"
    ],
    [
     "0.0",
     "0.0",
     "1e-11"
    ]
   ],
   "expected": [
    [
     "1.0",
     "0.0",
     "0.0"
    ],
    [
     "0.0",
     "1.0",
     "0.0"
    ],
    [
     "0.0",
     "0.0",
     "3.162277660168379e-06"
    ]
   ]
  },
  {
   "name": "small_above_abs_tol",
   "m": [
    [
     "1.0",
     "0.0",
     "0.0"
    ],
    [
     "0.0",
     "1.0",
     "0.0"
    ],
    [
     "0.0",
     "0.0",
     "1e-09"
    ]
   ],
   "expected": [
    [
     "1.0",
     "0.0",
     "0.0"
    ],
    [
     "0.0",
     "1.0",
     "0.0"
    ],
    [
     "0.0",
     "0.0",
     "3.1622776601683795e-05"
    ]
   ]
  },
  {
   "name": "non_pd_diag",
   "m": [
    [
     "1.0",
     "0.0",
     "0.0"
    ],
    [
     "0.0",
     "-1.0",
     "0.0"
    ],
    [
     "0.0",
     "0.0",
     "1.0"
    ]
   ],
   "expected": null
  },
  {
   "name": "non_pd_late_pivot",
   "m": [
    [
     "4.0",
     "2.0",
     "0.6"
    ],
    [
     "2.0",
     "1.0000000001",
     "0.5"
    ],
    [
     "0.6",
     "0.5",
     "3.0"
    ]
   ],
   "expected": null
  },
  {
   "name": "asymmetric",
   "m": [
    [
     "3.0",
     "-1.0",
     "2.0"
    ],
    [
     "0.5",
     "4.0",
     "-2.5"
    ],
    [
     "1.0",
     "0.0",
     "5.0"
    ]
   ],
   "expected": [
    [
     "1.7320508075688772",
     "0.0",
     "0.0"
    ],
    [
     "0.2886751345948129",
     "1.9790570145063195",
     "0.0"
    ],
    [
     "0.5773502691896258",
     "-0.08421519210665192",
     "2.1586047503156074"
    ]
   ]
  },
  {
   "name": "precision_shaped",
   "m": [
    [
     "12.345",
     "6.789",
     "3.21"
    ],
    [
     "6.789",
     "8.9",
     "4.56"
    ],
    [
     "3.21",
     "4.56",
     "7.89"
    ]
   ],
   "expected": [
    [
     "3.513545218152173",
     "0.0",
     "0.0"
    ],
    [
     "1.9322364103714136",
     "2.272985361685155",
     "0.0"
    ],
    [
     "0.9136071405644774",
     "1.2295261840815639",
     "2.354482396487055"
    ]
   ]
  },
  {
   "name": "posterior_precision_seed1",
   "m": [
    [
     "0.014655878516483502",
     "0.005190150914813192",
     "0.005961325122737875"
    ],
    [
     "0.005190150914813192",
     "0.015961325122737877",
     "0.007216114499843933"
    ],
    [
     "0.005961325122737875",
     "0.007216114499843933",
     "0.02205832013090348"
    ]
   ],
   "expected": [
    [
     "0.12106146586128677",
     "0.0",
     "0.0"
    ],
    [
     "0.04287203097937134",
     "0.11884155031991842",
     "0.0"
    ],
    [
     "0.04924213564015829",
     "0.04295639127431543",
     "0.13337271331568407"
    ]
   ]
  },
  {
   "name": "posterior_precision_seed2",
   "m": [
    [
     "0.013400046829022395",
     "0.003917367460634214",
     "0.004690795356013564"
    ],
    [
     "0.003917367460634214",
     "0.014690795356013565",
     "0.0060970402695678825"
    ],
    [
     "0.004690795356013564",
     "0.0060970402695678825",
     "0.022521906131168713"
    ]
   ],
   "expected": [
    [
     "0.11575857129829477",
     "0.0",
     "0.0"
    ],
    [
     "0.03384084147462107",
     "0.11638553520220256",
     "0.0"
    ],
    [
     "0.040522229182718535",
     "0.04060413458929395",
     "0.13867645556289088"
    ]
   ]
  },
  {
   "name": "posterior_precision_seed3",
   "m": [
    [
     "0.012552251489730971",
     "0.0032181122187851354",
     "0.00434914428191222"
    ],
    [
     "0.0032181122187851354",
     "0.01434914428191222",
     "0.006554531854310242"
    ],
    [
     "0.00434914428191222",
     "0.006554531854310242",
     "0.022386251673137854"
    ]
   ],
   "expected": [
    [
     "0.1120368309518391",
     "0.0",
     "0.0"
    ],
    [
     "0.02872369908578095",
     "0.11629313562176286",
     "0.0"
    ],
    [
     "0.03881887987158234",
     "0.046774128162848275",
     "0.13671696007905879"
    ]
   ]
  },
  {
   "name": "random_0",
   "m": [
    [
     "-2.9586059916255047",
     "-6.376752182470251",
     "8.490236582937243"
    ],
    [
     "-5.461364967933764",
     "1.7488237758218048",
     "4.63124072713615"
    ],
    [
     "-1.3670103466909822",
     "8.081512840366209",
     "-7.864136393878381"
    ]
   ],
   "expected": null
  },
  {
   "name": "random_1",
   "m": [
    [
     "-1.9436437402827966",
     "3.6621332652121907",
     "-4.297227497028215"
    ],
    [
     "0.5045975931686293",
     "5.822524794180367",
     "-5.440393435653421"
    ],
    [
     "7.923188021933967",
     "-8.504142541061121",
     "8.336553028732308"
    ]
   ],
   "expected": null
  },
  {
   "name": "random_2",
   "m": [
    [
     "0.6379592721806642",
     "7.499515972806236",
     "-5.619868706424205"
    ],
    [
     "9.406037494131528",
     "-6.544368818766846",
     "-2.0239390436206257"
    ],
    [
     "9.496324266422146",
     "9.407398318938608",
     "-1.7541139800754753"
    ]
   ],
   "expected": null
  },
  {
   "name": "random_3",
   "m": [
    [
     "-3.7864648702776282",
     "-2.90344248097197",
     "-5.718217914201351"
    ],
    [
     "-2.3460593503268097",
     "-9.260949795467312",
     "3.55718202500767"
    ],
    [
     "7.107142446482261",
     "-6.281710639876654",
     "8.830338030202771"
    ]
   ],
   "expected": null
  },
  {
   "name": "random_4",
   "m": [
    [
     "-9.937125003873419",
     "9.866117303668936",
     "-9.100699996771976"
    ],
    [
     "4.031856060664708",
     "5.373673647137615",
     "-3.7843242469339256"
    ],
    [
     "0.8881616045420682",
     "-4.0905876135531045",
     "7.845685128608565"
    ]
   ],
   "expected": null
  },
  {
   "name": "random_5",
   "m": [
    [
     "7.396065100664877",
     "-2.610357670123486",
     "7.282770894723079"
    ],
    [
     "-1.379927524048778",
     "-4.969781574711369",
     "4.301518517093889"
    ],
    [
     "1.2369570261322078",
     "7.971127772332316",
     "-6.7282740953896685"
    ]
   ],
   "expected": null
  },
  {
   "name": "random_pd_0",
   "m": [
    [
     "4.936577216850335",
     "-6.281494372564899",
     "0.30267201804503696"
    ],
    [
     "-6.281494372564899",
     "12.574874362010133",
     "4.646810087267793"
    ],
    [
     "0.30267201804503696",
     "4.646810087267793",
     "11.473215919940833"
    ]
   ],
   "expected": [
    [
     "2.2218409521948987",
     "0.0",
     "0.0"
    ],
    [
     "-2.827157527346669",
     "2.140573445966571",
     "0.0"
    ],
    [
     "0.13622578058345497",
     "2.350744767830576",
     "2.4348834660333196"
    ]
   ]
  },
  {
   "name": "random_pd_1",
   "m": [
    [
     "4.3689626324482775",
     "5.048777040281578",
     "1.4649280498707486"
    ],
    [
     "5.048777040281578",
     "12.126840159265438",
     "-1.6076126781004045"
    ],
    [
     "1.4649280498707486",
     "-1.6076126781004045",
     "4.215224477718806"
    ]
   ],
   "expected": [
    [
     "2.0902063612113224",
     "0.0",
     "0.0"
    ],
    [
     "2.4154442996507277",
     "2.508479418801407",
     "0.0"
    ],
    [
     "0.7008533114509274",
     "-1.3157312710633717",
     "1.4116941368062133"
    ]
   ]
  },
  {
   "name": "random_pd_2",
   "m": [
    [
     "10.535783531981073",
     "-6.282436250045935",
     "7.8301367958605965"
    ],
    [
     "-6.282436250045935",
     "15.002756612041573",
     "-6.162700577951698"
    ],
    [
     "7.8301367958605965",
     "-6.162700577951698",
     "10.816766179400837"
    ]
   ],
   "expected": [
    [
     "3.2458871717884885",
     "0.0",
     "0.0"
    ],
    [
     "-1.9355066635246916",
     "3.355081305645675",
     "0.0"
    ],
    [
     "2.412325623612536",
     "-0.4451839233657063",
     "2.190721921979132"
    ]
   ]
  },
  {
   "name": "random_pd_3",
   "m": [
    [
     "4.076860617566572",
     "-1.333847162831007",
     "1.1897610883150949"
    ],
    [
     "-1.333847162831007",
     "10.107525656060364",
     "-4.924720873611255"
    ],
    [
     "1.1897610883150949",
     "-4.924720873611255",
     "3.311597263082283"
    ]
   ],
   "expected": [
    [
     "2.019123725175496",
     "0.0",
     "0.0"
    ],
    [
     "-0.6606069485489667",
     "3.1098431014424484",
     "0.0"
    ],
    [
     "0.5892462524611682",
     "-1.4584210704151832",
     "0.9150923988383814"
    ]
   ]
  }
 ]
}
