{
 "now": 1752400000,
 "cases": [
  {
   "name": "identity",
   "m": [
    [
     "1.0",
     "0.0",
     "0.0"
    ],
    [
     "0.0",
     "1.0",
     "0.0"
    ],
    [
     "0.0",
     "0.0",
     "1.0"
    ]
   ],
   "expected": "1.0"
  },
  {
   "name": "dts_default_prior",
   "m": [
    [
     "0.01",
     "0.0",
     "0.0"
    ],
    [
     "0.0",
     "0.01",
     "0.0"
    ],
    [
     "0.0",
     "0.0",
     "0.01"
    ]
   ],
   "expected": "1.0000000000000002e-06"
  },
  {
   "name": "diag_2",
   "m": [
    [
     "2.0",
     "0.0",
     "0.0"
    ],
    [
     "0.0",
     "2.0",
     "0.0"
    ],
    [
     "0.0",
     "0.0",
     "2.0"
    ]
   ],
   "expected": "8.0"
  },
  {
   "name": "singular_rank2",
   "m": [
    [
     "1.0",
     "2.0",
     "3.0"
    ],
    [
     "4.0",
     "5.0",
     "6.0"
    ],
    [
     "5.0",
     "7.0",
     "9.0"
    ]
   ],
   "expected": "0.0"
  },
  {
   "name": "zero",
   "m": [
    [
     "0.0",
     "0.0",
     "0.0"
    ],
    [
     "0.0",
     "0.0",
     "0.0"
    ],
    [
     "0.0",
     "0.0",
     "0.0"
    ]
   ],
   "expected": "0.0"
  },
  {
   "name": "near_singular_below_rel_tol",
   "m": [
    [
     "100.0",
     "0.0",
     "0.0"
    ],
    [
     "0.0",
     "100.0",
     "0.0"
    ],
    [
     "0.0",
     "0.0",
     "1e-09"
    ]
   ],
   "expected": "1e-05"
  },
  {
   "name": "near_singular_above_rel_tol",
   "m": [
    [
     "100.0",
     "0.0",
     "0.0"
    ],
    [
     "0.0",
     "100.0",
     "0.0"
    ],
    [
     "0.0",
     "0.0",
     "1e-07"
    ]
   ],
   "expected": "0.001"
  },
  {
   "name": "small_below_abs_tol",
   "m": [
    [
     "1.0",
     "0.0",
     "0.0"
    ],
    [
     "0.0",
     "1.0",
     "0.0"
    ],
    [
     "0.0",
     "0.0",
     "1e-11"
    ]
   ],
   "expected": "1e-11"
  },
  {
   "name": "small_above_abs_tol",
   "m": [
    [
     "1.0",
     "0.0",
     "0.0"
    ],
    [
     "0.0",
     "1.0",
     "0.0"
    ],
    [
     "0.0",
     "0.0",
     "1e-09"
    ]
   ],
   "expected": "1e-09"
  },
  {
   "name": "non_pd_diag",
   "m": [
    [
     "1.0",
     "0.0",
     "0.0"
    ],
    [
     "0.0",
     "-1.0",
     "0.0"
    ],
    [
     "0.0",
     "0.0",
     "1.0"
    ]
   ],
   "expected": "-1.0"
  },
  {
   "name": "non_pd_late_pivot",
   "m": [
    [
     "4.0",
     "2.0",
     "0.6"
    ],
    [
     "2.0",
     "1.0000000001",
     "0.5"
    ],
    [
     "0.6",
     "0.5",
     "3.0"
    ]
   ],
   "expected": "-0.15999999883600025"
  },
  {
   "name": "asymmetric",
   "m": [
    [
     "3.0",
     "-1.0",
     "2.0"
    ],
    [
     "0.5",
     "4.0",
     "-2.5"
    ],
    [
     "1.0",
     "0.0",
     "5.0"
    ]
   ],
   "expected": "57.0"
  },
  {
   "name": "precision_shaped",
   "m": [
    [
     "12.345",
     "6.789",
     "3.21"
    ],
    [
     "6.789",
     "8.9",
     "4.56"
    ],
    [
     "3.21",
     "4.56",
     "7.89"
    ]
   ],
   "expected": "353.56988511000014"
  },
  {
   "name": "posterior_precision_seed1",
   "m": [
    [
     "0.014655878516483502",
     "0.005190150914813192",
     "0.005961325122737875"
    ],
    [
     "0.005190150914813192",
     "0.015961325122737877",
     "0.007216114499843933"
    ],
    [
     "0.005961325122737875",
     "0.007216114499843933",
     "0.02205832013090348"
    ]
   ],
   "expected": "3.6819886610816386e-06"
  },
  {
   "name": "posterior_precision_seed2",
   "m": [
    [
     "0.013400046829022395",
     "0.003917367460634214",
     "0.004690795356013564"
    ],
    [
     "0.003917367460634214",
     "0.014690795356013565",
     "0.0060970402695678825"
    ],
    [
     "0.004690795356013564",
     "0.0060970402695678825",
     "0.022521906131168713"
    ]
   ],
   "expected": "3.4906780744655e-06"
  },
  {
   "name": "posterior_precision_seed3",
   "m": [
    [
     "0.012552251489730971",
     "0.0032181122187851354",
     "0.00434914428191222"
    ],
    [
     "0.0032181122187851354",
     "0.01434914428191222",
     "0.006554531854310242"
    ],
    [
     "0.00434914428191222",
     "0.006554531854310242",
     "0.022386251673137854"
    ]
   ],
   "expected": "3.1730329322499014e-06"
  },
  {
   "name": "random_0",
   "m": [
    [
     "-2.9586059916255047",
     "-6.376752182470251",
     "8.490236582937243"
    ],
    [
     "-5.461364967933764",
     "1.7488237758218048",
     "4.63124072713615"
    ],
    [
     "-1.3670103466909822",
     "8.081512840366209",
     "-7.864136393878381"
    ]
   ],
   "expected": "111.23965050758727"
  },
  {
   "name": "random_1",
   "m": [
    [
     "-1.9436437402827966",
     "3.6621332652121907",
     "-4.297227497028215"
    ],
    [
     "0.5045975931686293",
     "5.822524794180367",
     "-5.440393435653421"
    ],
    [
     "7.923188021933967",
     "-8.504142541061121",
     "8.336553028732308"
    ]
   ],
   "expected": "39.00193613736093"
  },
  {
   "name": "random_2",
   "m": [
    [
     "0.6379592721806642",
     "7.499515972806236",
     "-5.619868706424205"
    ],
    [
     "9.406037494131528",
     "-6.544368818766846",
     "-2.0239390436206257"
    ],
    [
     "9.496324266422146",
     "9.407398318938608",
     "-1.7541139800754753"
    ]
   ],
   "expected": "-847.4759586505413"
  },
  {
   "name": "random_3",
   "m": [
    [
     "-3.7864648702776282",
     "-2.90344248097197",
     "-5.718217914201351"
    ],
    [
     "-2.3460593503268097",
     "-9.260949795467312",
     "3.55718202500767"
    ],
    [
     "7.107142446482261",
     "-6.281710639876654",
     "8.830338030202771"
    ]
   ],
   "expected": "-369.15222872744494"
  },
  {
   "name": "random_4",
   "m": [
    [
     "-9.937125003873419",
     "9.866117303668936",
     "-9.100699996771976"
    ],
    [
     "4.031856060664708",
     "5.373673647137615",
     "-3.7843242469339256"
    ],
    [
     "0.8881616045420682",
     "-4.0905876135531045",
     "7.845685128608565"
    ]
   ],
   "expected": "-416.8459141162769"
  },
  {
   "name": "random_5",
   "m": [
    [
     "7.396065100664877",
     "-2.610357670123486",
     "7.282770894723079"
    ],
    [
     "-1.379927524048778",
     "-4.969781574711369",
     "4.301518517093889"
    ],
    [
     "1.2369570261322078",
     "7.971127772332316",
     "-6.7282740953896685"
    ]
   ],
   "expected": "-31.276412060047388"
  },
  {
   "name": "random_pd_0",
   "m": [
    [
     "4.936577216850335",
     "-6.281494372564899",
     "0.30267201804503696"
    ],
    [
     "-6.281494372564899",
     "12.574874362010133",
     "4.646810087267793"
    ],
    [
     "0.30267201804503696",
     "4.646810087267793",
     "11.473215919940833"
    ]
   ],
   "expected": "134.10425663795692"
  },
  {
   "name": "random_pd_1",
   "m": [
    [
     "4.3689626324482775",
     "5.048777040281578",
     "1.4649280498707486"
    ],
    [
     "5.048777040281578",
     "12.126840159265438",
     "-1.6076126781004045"
    ],
    [
     "1.4649280498707486",
     "-1.6076126781004045",
     "4.215224477718806"
    ]
   ],
   "expected": "54.78739311953352"
  },
  {
   "name": "random_pd_2",
   "m": [
    [
     "10.535783531981073",
     "-6.282436250045935",
     "7.8301367958605965"
    ],
    [
     "-6.282436250045935",
     "15.002756612041573",
     "-6.162700577951698"
    ],
    [
     "7.8301367958605965",
     "-6.162700577951698",
     "10.816766179400837"
    ]
   ],
   "expected": "569.1771354397945"
  },
  {
   "name": "random_pd_3",
   "m": [
    [
     "4.076860617566572",
     "-1.333847162831007",
     "1.1897610883150949"
    ],
    [
     "-1.333847162831007",
     "10.107525656060364",
     "-4.924720873611255"
    ],
    [
     "1.1897610883150949",
     "-4.924720873611255",
     "3.311597263082283"
    ]
   ],
   "expected": "33.0166279970557"
  }
 ]
}
