{
 "now": 1752400000,
 "cases": [
  {
   "name": "identity",
   "m": [
    [
     "1.0",
     "0.0",
     "0.0"
    ],
    [
     "0.0",
     "1.0",
     "0.0"
    ],
    [
     "0.0",
     "0.0",
     "1.0"
    ]
   ],
   "expected": [
    [
     "1.0",
     "0.0",
     "0.0"
    ],
    [
     "0.0",
     "1.0",
     "0.0"
    ],
    [
     "0.0",
     "0.0",
     "1.0"
    ]
   ]
  },
  {
   "name": "dts_default_prior",
   "m": [
    [
     "0.01",
     "0.0",
     "0.0"
    ],
    [
     "0.0",
     "0.01",
     "0.0"
    ],
    [
     "0.0",
     "0.0",
     "0.01"
    ]
   ],
   "expected": [
    [
     "100.0",
     "0.0",
     "0.0"
    ],
    [
     "0.0",
     "100.0",
     "0.0"
    ],
    [
     "0.0",
     "0.0",
     "100.0"
    ]
   ]
  },
  {
   "name": "diag_2",
   "m": [
    [
     "2.0",
     "0.0",
     "0.0"
    ],
    [
     "0.0",
     "2.0",
     "0.0"
    ],
    [
     "0.0",
     "0.0",
     "2.0"
    ]
   ],
   "expected": [
    [
     "0.5",
     "0.0",
     "0.0"
    ],
    [
     "0.0",
     "0.5",
     "0.0"
    ],
    [
     "0.0",
     "0.0",
     "0.5"
    ]
   ]
  },
  {
   "name": "singular_rank2",
   "m": [
    [
     "1.0",
     "2.0",
     "3.0"
    ],
    [
     "4.0",
     "5.0",
     "6.0"
    ],
    [
     "5.0",
     "7.0",
     "9.0"
    ]
   ],
   "expected": null
  },
  {
   "name": "zero",
   "m": [
    [
     "0.0",
     "0.0",
     "0.0"
    ],
    [
     "0.0",
     "0.0",
     "0.0"
    ],
    [
     "0.0",
     "0.0",
     "0.0"
    ]
   ],
   "expected": null
  },
  {
   "name": "near_singular_below_rel_tol",
   "m": [
    [
     "100.0",
     "0.0",
     "0.0"
    ],
    [
     "0.0",
     "100.0",
     "0.0"
    ],
    [
     "0.0",
     "0.0",
     "1e-09"
    ]
   ],
   "expected": null
  },
  {
   "name": "near_singular_above_rel_tol",
   "m": [
    [
     "100.0",
     "0.0",
     "0.0"
    ],
    [
     "0.0",
     "100.0",
     "0.0"
    ],
    [
     "0.0",
     "0.0",
     "1e-07"
    ]
   ],
   "expected": [
    [
     "0.009999999999999998",
     "0.0",
     "0.0"
    ],
    [
     "0.0",
     "0.009999999999999998",
     "0.0"
    ],
    [
     "0.0",
     "0.0",
     "10000000.0"
    ]
   ]
  },
  {
   "name": "small_below_abs_tol",
   "m": [
    [
     "1.0",
     "0.0",
     "0.0"
    ],
    [
     "0.0",
     "1.0",
     "0.0"
    ],
    [
     "0.0",
     "0.0",
     "1e-11"
    ]
   ],
   "expected": null
  },
  {
   "name": "small_above_abs_tol",
   "m": [
    [
     "1.0",
     "0.0",
     "0.0"
    ],
    [
     "0.0",
     "1.0",
     "0.0"
    ],
    [
     "0.0",
     "0.0",
     "1e-09"
    ]
   ],
   "expected": [
    [
     "0.9999999999999999",
     "0.0",
     "0.0"
    ],
    [
     "0.0",
     "0.9999999999999999",
     "0.0"
    ],
    [
     "0.0",
     "0.0",
     "999999999.9999999"
    ]
   ]
  },
  {
   "name": "non_pd_diag",
   "m": [
    [
     "1.0",
     "0.0",
     "0.0"
    ],
    [
     "0.0",
     "-1.0",
     "0.0"
    ],
    [
     "0.0",
     "0.0",
     "1.0"
    ]
   ],
   "expected": [
    [
     "1.0",
     "-0.0",
     "-0.0"
    ],
    [
     "-0.0",
     "-1.0",
     "-0.0"
    ],
    [
     "-0.0",
     "-0.0",
     "1.0"
    ]
   ]
  },
  {
   "name": "non_pd_late_pivot",
   "m": [
    [
     "4.0",
     "2.0",
     "0.6"
    ],
    [
     "2.0",
     "1.0000000001",
     "0.5"
    ],
    [
     "0.6",
     "0.5",
     "3.0"
    ]
   ],
   "expected": [
    [
     "-17.18750012691404",
     "35.62500025917182",
     "-2.5000000178124964"
    ],
    [
     "35.62500025917182",
     "-72.75000052925614",
     "5.000000036374993"
    ],
    [
     "-2.5000000178124964",
     "5.000000036374993",
     "-2.500000225038425e-09"
    ]
   ]
  },
  {
   "name": "asymmetric",
   "m": [
    [
     "3.0",
     "-1.0",
     "2.0"
    ],
    [
     "0.5",
     "4.0",
     "-2.5"
    ],
    [
     "1.0",
     "0.0",
     "5.0"
    ]
   ],
   "expected": [
    [
     "0.3508771929824561",
     "0.08771929824561403",
     "-0.09649122807017543"
    ],
    [
     "-0.08771929824561403",
     "0.22807017543859648",
     "0.14912280701754385"
    ],
    [
     "-0.07017543859649122",
     "-0.017543859649122806",
     "0.21929824561403508"
    ]
   ]
  },
  {
   "name": "precision_shaped",
   "m": [
    [
     "12.345",
     "6.789",
     "3.21"
    ],
    [
     "6.789",
     "8.9",
     "4.56"
    ],
    [
     "3.21",
     "4.56",
     "7.89"
    ]
   ],
   "expected": [
    [
     "0.1397952769213433",
     "-0.1100987715282627",
     "0.0067563446452935305"
    ],
    [
     "-0.1100987715282627",
     "0.24633871171721172",
     "-0.0975776259600459"
    ],
    [
     "0.0067563446452935305",
     "-0.0975776259600459",
     "0.18038860685252434"
    ]
   ]
  },
  {
   "name": "posterior_precision_seed1",
   "m": [
    [
     "0.014655878516483502",
     "0.005190150914813192",
     "0.005961325122737875"
    ],
    [
     "0.005190150914813192",
     "0.015961325122737877",
     "0.007216114499843933"
    ],
    [
     "0.005961325122737875",
     "0.007216114499843933",
     "0.02205832013090348"
    ]
   ],
   "expected": [
    [
     "81.47980301161351",
     "-19.410273178077457",
     "-15.670315822388536"
    ],
    [
     "-19.410273178077457",
     "78.14979604329044",
     "-20.320084421306166"
    ],
    [
     "-15.670315822388536",
     "-20.320084421306166",
     "56.216787854419955"
    ]
   ]
  },
  {
   "name": "posterior_precision_seed2",
   "m": [
    [
     "0.013400046829022395",
     "0.003917367460634214",
     "0.004690795356013564"
    ],
    [
     "0.003917367460634214",
     "0.014690795356013565",
     "0.0060970402695678825"
    ],
    [
     "0.004690795356013564",
     "0.0060970402695678825",
     "0.022521906131168713"
    ]
   ],
   "expected": [
    [
     "84.13574889646188",
     "-17.08167088908992",
     "-12.899260978355057"
    ],
    [
     "-17.08167088908992",
     "80.15377809004949",
     "-18.14119053307424"
    ],
    [
     "-12.899260978355057",
     "-18.14119053307424",
     "51.99894519987329"
    ]
   ]
  },
  {
   "name": "posterior_precision_seed3",
   "m": [
    [
     "0.012552251489730971",
     "0.0032181122187851354",
     "0.00434914428191222"
    ],
    [
     "0.0032181122187851354",
     "0.01434914428191222",
     "0.006554531854310242"
    ],
    [
     "0.00434914428191222",
     "0.006554531854310242",
     "0.022386251673137854"
    ]
   ],
   "expected": [
    [
     "87.69580187198981",
     "-13.72026897825796",
     "-13.020123218811284"
    ],
    [
     "-13.72026897825796",
     "82.59693817388538",
     "-21.518244321989968"
    ],
    [
     "-13.020123218811284",
     "-21.518244321989968",
     "53.500176348920846"
    ]
   ]
  },
  {
   "name": "random_0",
   "m": [
    [
     "-2.9586059916255047",
     "-6.376752182470251",
     "8.490236582937243"
    ],
    [
     "-5.461364967933764",
     "1.7488237758218048",
     "4.63124072713615"
    ],
    [
     "-1.3670103466909822",
     "8.081512840366209",
     "-7.864136393878381"
    ]
   ],
   "expected": [
    [
     "-0.4600915219668634",
     "0.16600472012977988",
     "-0.3989602790946945"
    ],
    [
     "-0.44300636303447327",
     "0.3134954321547396",
     "-0.29365665866893387"
    ],
    [
     "-0.37527473996646543",
     "0.2933045759650393",
     "-0.35958267845558795"
    ]
   ]
  },
  {
   "name": "random_1",
   "m": [
    [
     "-1.9436437402827966",
     "3.6621332652121907",
     "-4.297227497028215"
    ],
    [
     "0.5045975931686293",
     "5.822524794180367",
     "-5.440393435653421"
    ],
    [
     "7.923188021933967",
     "-8.504142541061121",
     "8.336553028732308"
    ]
   ],
   "expected": [
    [
     "0.05830237359332374",
     "0.15421457491715715",
     "0.13069268800348588"
    ],
    [
     "-1.2130645137967169",
     "0.45752734580410875",
     "-0.32671601874593775"
    ],
    [
     "-1.292862189898908",
     "0.32015710607986225",
     "-0.33754266593262755"
    ]
   ]
  },
  {
   "name": "random_2",
   "m": [
    [
     "0.6379592721806642",
     "7.499515972806236",
     "-5.619868706424205"
    ],
    [
     "9.406037494131528",
     "-6.544368818766846",
     "-2.0239390436206257"
    ],
    [
     "9.496324266422146",
     "9.407398318938608",
     "-1.7541139800754753"
    ]
   ],
   "expected": [
    [
     "-0.036012313129161755",
     "0.046860724725464334",
     "0.06130800075584186"
    ],
    [
     "0.0032103796695965867",
     "-0.06165253628677477",
     "0.06085069972678845"
    ],
    [
     "-0.17774402706608539",
     "-0.07695356767189282",
     "0.08816270058625378"
    ]
   ]
  },
  {
   "name": "random_3",
   "m": [
    [
     "-3.7864648702776282",
     "-2.90344248097197",
     "-5.718217914201351"
    ],
    [
     "-2.3460593503268097",
     "-9.260949795467312",
     "3.55718202500767"
    ],
    [
     "7.107142446482261",
     "-6.281710639876654",
     "8.830338030202771"
    ]
   ],
   "expected": [
    [
     "0.16099626217921403",
     "-0.16675659546526897",
     "0.17143118069494878"
    ],
    [
     "-0.12460414127977769",
     "-0.019516134406262937",
     "-0.07282747139945461"
    ],
    [
     "-0.21821933906923197",
     "0.12033153941317465",
     "-0.07653919030293202"
    ]
   ]
  },
  {
   "name": "random_4",
   "m": [
    [
     "-9.937125003873419",
     "9.866117303668936",
     "-9.100699996771976"
    ],
    [
     "4.031856060664708",
     "5.373673647137615",
     "-3.7843242469339256"
    ],
    [
     "0.8881616045420682",
     "-4.0905876135531045",
     "7.845685128608565"
    ]
   ],
   "expected": [
    [
     "-0.06400456529777687",
     "0.09638870806788571",
     "-0.027750313523676514"
    ],
    [
     "0.08394892080278464",
     "0.1676414693918103",
     "0.1782385601470065"
    ],
    [
     "0.05101489627214958",
     "0.07649343030684515",
     "0.22353015455409264"
    ]
   ]
  },
  {
   "name": "random_5",
   "m": [
    [
     "7.396065100664877",
     "-2.610357670123486",
     "7.282770894723079"
    ],
    [
     "-1.379927524048778",
     "-4.969781574711369",
     "4.301518517093889"
    ],
    [
     "1.2369570261322078",
     "7.971127772332316",
     "-6.7282740953896685"
    ]
   ],
   "expected": [
    [
     "0.027173867779389762",
     "-1.2945441238315007",
     "-0.7982142805649856"
    ],
    [
     "0.1267324734437429",
     "1.879091109930494",
     "1.3385169281162153"
    ],
    [
     "0.15513839516673825",
     "1.9882037642706114",
     "1.2903952148277265"
    ]
   ]
  },
  {
   "name": "random_pd_0",
   "m": [
    [
     "4.936577216850335",
     "-6.281494372564899",
     "0.30267201804503696"
    ],
    [
     "-6.281494372564899",
     "12.574874362010133",
     "4.646810087267793"
    ],
    [
     "0.30267201804503696",
     "4.646810087267793",
     "11.473215919940833"
    ]
   ],
   "expected": [
    [
     "0.9148211086657855",
     "0.5478976019477017",
     "-0.24603972193395646"
    ],
    [
     "0.5478976019477017",
     "0.42166302085799706",
     "-0.185233265585161"
    ],
    [
     "-0.24603972193395646",
     "-0.185233265585161",
     "0.16867225019379317"
    ]
   ]
  },
  {
   "name": "random_pd_1",
   "m": [
    [
     "4.3689626324482775",
     "5.048777040281578",
     "1.4649280498707486"
    ],
    [
     "5.048777040281578",
     "12.126840159265438",
     "-1.6076126781004045"
    ],
    [
     "1.4649280498707486",
     "-1.6076126781004045",
     "4.215224477718806"
    ]
   ],
   "expected": [
    [
     "0.885841289218529",
     "-0.4314270879186884",
     "-0.4723974770618957"
    ],
    [
     "-0.4314270879186884",
     "0.29696875709597886",
     "0.2631936655657663"
    ],
    [
     "-0.4723974770618957",
     "0.2631936655657663",
     "0.5017862748652618"
    ]
   ]
  },
  {
   "name": "random_pd_2",
   "m": [
    [
     "10.535783531981073",
     "-6.282436250045935",
     "7.8301367958605965"
    ],
    [
     "-6.282436250045935",
     "15.002756612041573",
     "-6.162700577951698"
    ],
    [
     "7.8301367958605965",
     "-6.162700577951698",
     "10.816766179400837"
    ]
   ],
   "expected": [
    [
     "0.21838971414299835",
     "0.03461287210918123",
     "-0.13836968875661276"
    ],
    [
     "0.03461287210918123",
     "0.0925055865071735",
     "0.027647885047984617"
    ],
    [
     "-0.13836968875661276",
     "0.027647885047984617",
     "0.2083653460885048"
    ]
   ]
  },
  {
   "name": "random_pd_3",
   "m": [
    [
     "4.076860617566572",
     "-1.333847162831007",
     "1.1897610883150949"
    ],
    [
     "-1.333847162831007",
     "10.107525656060364",
     "-4.924720873611255"
    ],
    [
     "1.1897610883150949",
     "-4.924720873611255",
     "3.311597263082283"
    ]
   ],
   "expected": [
    [
     "0.2792283517560663",
     "-0.043677284444770065",
     "-0.16527174610964881"
    ],
    [
     "-0.043677284444770065",
     "0.3660394700788468",
     "0.560034208571719"
    ],
    [
     "-0.16527174610964881",
     "0.560034208571719",
     "1.1941808545063999"
    ]
   ]
  }
 ]
}
